list(y=c(3.56337E+01, 3.13758E-01, 3.85624E+00, 3.73932E+00, 6.37738E+00, 4.28014E+00, 5.55877E+00, 4.86134E+00, 1.13676E+00, 1.65997E+00, 2.08424E+01, 2.95166E+00, 3.01086E+00, 6.44058E+00, 4.53060E+00, 5.90861E+00, 4.16567E+00, 1.27708E+00, 1.59670E+00, 5.52187E+00, 9.17451E-01, 3.27693E+00, 3.54473E+00, 6.95551E+00, 1.23422E+00, 7.00810E+00, 3.44372E+01, 1.35122E+00, 5.62350E+00, 8.28478E-01, 3.14451E+00, 3.26673E+00, 6.03239E+00, 4.17458E+00, 5.91940E+00, 1.96901E+00, 4.52359E+00, 1.81958E+00, 1.96074E+00, 7.25597E+00, 6.42752E+01, 5.12599E+00, 3.39795E+00, 2.52953E+00, 3.98546E+00, 4.71792E+00, 7.38588E+00, 8.27806E+01, 1.67440E+00, 5.26776E+00, 5.54386E-01, 3.92338E+00, 3.71398E+00, 3.80933E+00, 4.10446E+00, 1.95134E+00, 1.89208E+00, 4.96596E+00, 1.28469E+00, 2.08631E+01, 1.17257E+00, 3.78853E+00, 4.21995E+00, 1.83950E+00, 4.59009E+00, 1.94765E+00, 7.84355E+00, 9.31161E+01, 1.80738E+00, 5.47992E+00, 3.90062E+00, 2.11702E+00, 3.44785E+00, 3.27493E+00, 6.61606E+00, 4.56231E+00, 1.99272E+00, 1.66530E+00, 2.66639E+01, 7.62367E+00, 1.68411E+00, 8.82811E-01, 3.20886E+00, 2.91946E+00, 3.31378E+00, 3.13574E+00, 6.16182E+00, 4.34588E+00, 4.10384E+00, 1.19349E+00, 4.58410E+00, 1.77801E+00, 4.55144E+00, 3.11437E+00, 4.49246E+00, 4.87501E+00, 1.72715E+00, 5.47622E+00, 6.72828E-01, 3.71924E+00, 2.13103E+00, 3.11467E+00, 6.45361E+00, 5.48253E+00, 4.44579E+00, 4.97614E+00, 1.30244E+00, 4.55766E+00, 1.06355E+00, 2.12022E+01, 7.64800E+00, 8.78935E-01, 2.18968E+00, 6.04359E+00, 4.15831E+00, 1.70731E+00, 8.94631E+01, 5.20552E+00, 3.89938E+00, 2.24715E+00, 3.96872E+00, 4.63270E+00, 5.30208E+00, 4.56344E+00, 1.97217E+00, 4.74791E+00, 4.54053E+00, 1.17418E+01, 7.72176E+00, 4.99171E-01, 2.41759E+00, 3.32149E+00, 3.15160E+00, 4.71862E+00, 5.59160E+00, 1.31335E+00, 4.73622E+00, 4.02085E+00, 2.35317E+01, 3.95414E+01, 4.51763E-02, 2.03317E+00, 3.29272E+00, 1.63349E+00, 4.11881E+00, 1.71887E+00, 2.82619E+01, 3.99769E+01, 1.73716E+00, 5.35157E+00, 3.69896E+00, 3.64229E+00, 3.88111E+00, 6.11637E+00, 4.37691E+00, 5.20572E+00, 4.44076E+00, 4.24247E+00, 1.05832E+00, 1.53002E+00, 2.94305E-01, 2.94558E+00, 5.03539E+00, 4.51238E+00, 1.46281E+00, 4.55534E+00, 1.95590E+00, 2.90440E+01, 9.76963E-01, 3.23155E+00, 2.79134E+00, 3.11380E+00, 3.52531E+00, 6.12467E+00, 4.84655E+00, 4.61770E+00, 1.57530E+00, 4.65727E+00, 1.28349E+00, 1.99412E+00, 5.76000E+01, 1.24385E+00, 3.75760E+00, 3.46205E+00, 4.50043E+00, 5.86899E+00, 1.47673E+00, 1.12737E+01, 6.15772E+01, 3.54724E+00, 2.79974E+00, 3.69736E+00, 3.78674E+00, 6.22056E+00, 5.45661E+00, 4.41417E+00, 1.04002E+00, 1.24635E+00, 7.49990E+00, 5.14900E+00, 2.28890E+00, 4.52000E+00, 5.04327E+00, 4.78444E+00, 4.28290E+00, 1.76814E+00, 7.32231E+00, 5.27255E+00, 8.58402E-01, 3.43104E+00, 3.48939E+00, 3.56717E+00, 6.37576E+00, 5.93591E+00, 1.78544E+00, 4.09642E+00, 1.39830E+00, 4.39498E+01, 1.38003E+00, 5.97217E+00, 4.40544E-01, 3.72436E+00, 4.21068E+00, 5.59225E+00, 1.52794E+00, 1.96379E+00, 5.46144E+01, 9.77312E-01, 3.76233E+00, 4.53458E+00, 5.42428E+00, 4.77115E+00, 1.30069E+00, 1.14158E+01, 7.79369E+00, 1.31738E+00, 5.69228E+00, 5.67405E-01, 3.62957E+00, 2.51389E+00, 3.44824E+00, 6.81747E+00, 5.77380E+00, 4.89284E+00, 8.62333E+01, 7.44713E+00, 1.02882E+00, 5.16291E+00, 3.15615E+00, 6.92313E+00, 4.84457E+00, 1.88290E+00, 4.43454E+00, 4.85453E+00, 1.99673E+00, 7.97139E+01, 1.33163E+00, 3.83367E+00, 4.10321E+00, 1.93085E+00, 1.62180E+00, 4.74402E+00, 1.44000E+00, 1.92850E+00, 7.39682E+00, 1.71288E+00, 5.44305E+00, 6.68883E-01, 2.86280E+00, 3.80144E+00, 6.38382E+00, 4.36693E+00, 5.75078E+00, 4.44915E+00, 1.70681E+00, 1.35299E+00, 3.93153E+01, 7.61748E+00, 5.73665E+00, 3.01404E+00, 1.04187E+00, 4.51292E+00, 1.42137E+00, 5.03145E+01, 7.14670E+00, 6.65798E+01, 5.70880E+00, 3.05095E+00, 2.50319E+00, 3.27525E+00, 4.15557E+00, 4.42125E+00, 1.85104E+00, 4.77819E+00, 1.59293E+00, 1.90094E+00, 5.26741E+01, 5.11110E+00, 5.68454E-01, 3.82926E+00, 4.27775E+00, 1.01698E+00, 1.62652E+00, 7.79337E+01, 7.19500E+00, 7.56289E+01, 1.66338E+00, 3.87044E+00, 3.59615E+00, 4.86861E+00, 5.64404E+00, 4.20873E+00, 4.41563E+00, 1.06075E+00, 8.57010E+01, 7.76689E+00, 1.96352E-01, 3.89182E+00, 3.20921E+00, 5.41441E+00, 1.68989E+00, 1.01505E+00, 1.53882E+00, 2.76427E+01, 7.82347E+00, 1.46661E+00, 5.26956E+00, 7.05028E-01, 3.12277E+00, 2.35062E+00, 3.45555E+00, 6.21743E+00, 4.26229E+00, 4.14308E+00, 1.44290E+00, 4.18096E+01, 9.19728E+01, 5.67822E+00, 6.00082E-01, 3.55118E+00, 4.46966E+00, 1.45052E+00, 1.11369E+00, 6.66382E+01, 5.72608E+00, 7.98386E-01, 3.33471E+00, 4.70221E+00, 5.74022E+00, 1.09776E+00, 1.22582E+00, 7.57295E+01, 7.57896E+00, 5.30694E+01, 1.25107E+00, 8.47555E-01, 3.78805E+00, 3.97810E+00, 6.39524E+00, 4.51718E+00, 1.53108E+00, 7.40966E+00, 1.83959E+00, 5.86751E+00, 3.02272E+00, 2.30803E+00, 3.05457E+00, 4.95374E+00, 1.96876E+00, 1.74248E+00, 7.35295E+00, 5.84134E+00, 6.10445E-01, 3.89219E+00, 2.10933E+00, 3.28041E+00, 4.37131E+00, 4.89835E+00, 4.21638E+00), b.lab=c(-2.02093E-02, 1.10606E-02, 1.57994E-02, 2.12470E-02, 1.31534E-01, 6.00637E-02, -1.40137E-01, -2.15280E-01, 2.25741E-02, 4.27809E-05, -1.73400E-01, 1.14030E-02, -4.95101E-02, 3.47806E-02, -7.29723E-02, -1.77434E-01, -5.13422E-02, -1.44925E-01, 5.51606E-02), beta=c(-1.70683E+00, -7.97291E-01, 1.76324E+00, 4.00990E-01, 9.04519E-01, 7.83808E-01, -1.18625E+00, -3.04101E-02, 1.00061E+00, 1.74059E+00, -5.11655E-01, -8.08911E-01, 1.32302E+00, 3.88497E-01, -7.80248E-01, -6.08695E-01, -2.05346E-01, 1.02972E+00, 1.39715E+00, 9.20916E-01), sigma=5.61093E-01, sigma.lab=8.14593E-01)
