list(y=c(2.49868E+01, 5.46692E-01, 3.91199E+00, 3.51161E+00, 6.45968E+00, 4.65886E+00, 5.33849E+00, 4.46789E+00, 1.46656E+00, 1.58225E+00, 6.82636E+01, 2.10146E+00, 3.51853E+00, 6.76336E+00, 4.85665E+00, 5.21428E+00, 4.89774E+00, 1.83418E+00, 1.50277E+00, 5.11211E+00, 9.03630E-01, 3.84927E+00, 3.73247E+00, 6.72139E+00, 1.23565E+00, 7.83111E+00, 2.19196E+01, 1.33368E+00, 5.76896E+00, 4.32855E-01, 3.16590E+00, 3.86076E+00, 6.72501E+00, 4.86741E+00, 5.20106E+00, 1.57052E+00, 4.63795E+00, 1.90644E+00, 1.84526E+00, 7.52574E+00, 8.69770E+01, 5.00448E+00, 3.09042E+00, 2.36587E+00, 3.73362E+00, 4.80065E+00, 7.88043E+00, 2.50032E+01, 1.89201E+00, 5.87765E+00, 9.41807E-01, 3.61002E+00, 3.63016E+00, 3.40897E+00, 4.61299E+00, 1.78705E+00, 1.11041E+00, 4.85857E+00, 1.99696E+00, 7.63780E+01, 1.72376E+00, 3.03266E+00, 4.02818E+00, 1.74607E+00, 4.27429E+00, 1.49640E+00, 7.82700E+00, 6.88789E+01, 1.62150E+00, 5.81494E+00, 3.68863E+00, 2.10052E+00, 3.17540E+00, 3.07927E+00, 6.55404E+00, 4.84783E+00, 1.45172E+00, 1.60058E+00, 4.84805E+01, 7.59882E+00, 1.25916E+00, 9.34128E-01, 3.56094E+00, 2.47041E+00, 3.86384E+00, 3.49280E+00, 6.82346E+00, 4.98452E+00, 4.90735E+00, 1.94318E+00, 4.31377E+00, 1.33933E+00, 4.14084E+00, 3.83289E+00, 4.67907E+00, 4.94123E+00, 1.27748E+00, 5.18764E+00, 2.40266E-02, 3.29266E+00, 2.06125E+00, 3.91279E+00, 6.11837E+00, 5.56123E+00, 4.09006E+00, 4.09928E+00, 1.08050E+00, 4.82921E+00, 1.37002E+00, 4.78119E+01, 7.13153E+00, 6.98267E-01, 2.54756E+00, 6.52452E+00, 4.85468E+00, 1.37276E+00, 6.08687E+01, 5.51615E+00, 3.61405E+00, 2.83423E+00, 3.89870E+00, 4.14223E+00, 5.64516E+00, 4.44496E+00, 1.64613E+00, 4.50517E+00, 4.04929E+00, 3.75495E+01, 7.81876E+00, 6.80273E-01, 2.13752E+00, 3.49620E+00, 3.07567E+00, 4.77799E+00, 5.21724E+00, 1.83097E+00, 4.51775E+00, 4.49610E+00, 6.14277E+01, 8.66560E+01, 3.90408E-01, 2.48366E+00, 3.05305E+00, 1.97717E+00, 4.09479E+00, 1.44047E+00, 6.88605E+01, 9.46795E+01, 1.03152E+00, 5.90404E+00, 3.45945E+00, 3.56471E+00, 3.43138E+00, 6.07265E+00, 4.15403E+00, 5.62047E+00, 4.32212E+00, 4.44904E+00, 1.18041E+00, 1.53354E+00, 6.55999E-01, 2.18925E+00, 5.51253E+00, 4.42905E+00, 1.85809E+00, 4.96135E+00, 1.24406E+00, 1.03281E+01, 5.92125E-02, 3.01602E+00, 2.70102E+00, 3.61141E+00, 3.33996E+00, 6.45467E+00, 4.78443E+00, 4.98136E+00, 1.52576E+00, 4.34689E+00, 1.60025E+00, 1.79910E+00, 4.94019E+01, 1.63892E+00, 3.36065E+00, 3.73908E+00, 4.24419E+00, 5.69953E+00, 1.42202E+00, 5.81371E+01, 2.12035E+01, 3.80617E+00, 2.88249E+00, 3.82322E+00, 3.83591E+00, 6.32366E+00, 5.87173E+00, 4.85980E+00, 1.71951E+00, 1.91885E+00, 7.24637E+00, 5.36268E+00, 2.71125E+00, 4.86983E+00, 5.28116E+00, 4.22302E+00, 4.67426E+00, 1.76456E+00, 7.70350E+00, 5.99753E+00, 7.08625E-01, 3.70940E+00, 3.53680E+00, 3.40864E+00, 6.06611E+00, 5.64931E+00, 1.71884E+00, 4.64994E+00, 1.95782E+00, 1.93671E+01, 1.98736E+00, 5.85208E+00, 9.64737E-01, 3.42486E+00, 4.44299E+00, 5.87966E+00, 1.78335E+00, 1.32066E+00, 8.59717E+01, 1.79289E-01, 3.75788E+00, 4.22606E+00, 5.80829E+00, 4.59448E+00, 1.40003E+00, 3.12038E+01, 7.00653E+00, 1.07849E+00, 5.74104E+00, 2.17485E-01, 3.46016E+00, 2.73728E+00, 3.66211E+00, 6.90151E+00, 5.56432E+00, 4.42770E+00, 3.08046E+01, 7.02571E+00, 1.49876E+00, 5.03766E+00, 3.63729E+00, 6.75793E+00, 4.96134E+00, 1.52400E+00, 4.85016E+00, 4.47279E+00, 1.30103E+00, 8.50456E+01, 1.88192E+00, 3.24076E+00, 4.83004E+00, 1.34687E+00, 1.76777E+00, 4.34199E+00, 1.40969E+00, 1.83799E+00, 7.01460E+00, 1.93273E+00, 5.33869E+00, 5.49055E-02, 2.18994E+00, 3.13680E+00, 6.15754E+00, 4.38082E+00, 5.19205E+00, 4.65501E+00, 1.04162E+00, 1.18024E+00, 2.02416E+01, 7.30810E+00, 5.19779E+00, 3.84068E+00, 1.03428E+00, 4.07368E+00, 1.88134E+00, 7.33512E+01, 7.30219E+00, 8.60865E+01, 5.35987E+00, 3.88965E+00, 2.11644E+00, 3.01391E+00, 4.13876E+00, 4.52604E+00, 1.71052E+00, 4.22526E+00, 1.62721E+00, 1.65808E+00, 4.95902E+01, 5.96989E+00, 4.45211E-01, 3.01601E+00, 4.63918E+00, 1.03179E+00, 1.38475E+00, 8.51718E+01, 7.75088E+00, 8.20053E+01, 1.40168E+00, 3.49524E+00, 3.12704E+00, 4.92839E+00, 5.24820E+00, 4.97593E+00, 4.69092E+00, 1.67058E+00, 1.07048E+01, 7.75512E+00, 8.87330E-01, 3.66909E+00, 3.78182E+00, 5.68193E+00, 1.70568E+00, 1.36894E+00, 1.93722E+00, 3.56029E+01, 7.78429E+00, 1.13875E+00, 5.10591E+00, 2.52098E-01, 3.17418E+00, 2.84514E+00, 3.73679E+00, 6.09716E+00, 4.60655E+00, 4.23547E+00, 1.63799E+00, 3.08227E+01, 1.10697E+01, 5.53386E+00, 5.99512E-01, 3.17195E+00, 4.91391E+00, 1.85349E+00, 1.42650E+00, 9.98200E+01, 5.04620E+00, 4.92922E-01, 3.99850E+00, 4.14623E+00, 5.08537E+00, 1.86979E+00, 1.66702E+00, 7.64013E+01, 7.39983E+00, 2.70355E+01, 1.21570E+00, 3.88056E-01, 3.49306E+00, 3.90945E+00, 6.73809E+00, 4.03112E+00, 1.80690E+00, 7.42117E+00, 1.94295E+00, 5.14043E+00, 3.24770E+00, 2.39873E+00, 3.72607E+00, 4.51962E+00, 1.20972E+00, 1.92937E+00, 7.07745E+00, 5.93257E+00, 4.89843E-01, 3.24128E+00, 2.91921E+00, 3.38306E+00, 4.50348E+00, 4.41337E+00, 4.12943E+00), b.lab=c(-2.16251E-03, 2.04607E-02, 2.90165E-02, -2.78069E-02, 4.94902E-02, 3.96964E-02, -1.68070E-01, -5.42730E-02, 3.89010E-02, -1.42781E-02, 4.31652E-02, 1.17834E-01, 2.10778E-02, -6.35418E-02, -1.87526E-02, 1.54410E-01, -1.79925E-01, 1.21853E-01, 1.02769E-01), beta=c(-2.45259E-01, -7.24883E-01, -2.40637E-01, 5.28428E-01, 1.40955E+00, -8.49930E-02, 2.89310E-01, 5.18422E-01, 8.11596E-01, -2.07164E-03, -1.36433E+00, 4.31166E-01, -2.75029E-01, 3.24478E-01, -5.53609E-01, -6.40736E-01, 1.46282E-01, 1.50543E+00, 9.51721E-01, 3.86704E-01), sigma=1.32608E-01, sigma.lab=9.21178E-01)
