list(y=c(6.26600E+01, 6.52694E-01, 3.80720E+00, 3.85602E+00, 6.89590E+00, 4.91239E+00, 5.11882E+00, 4.41290E+00, 1.93273E+00, 1.20079E+00, 2.32747E+01, 2.20916E+00, 3.21424E+00, 6.24260E+00, 4.57783E+00, 5.76672E+00, 4.78896E+00, 1.94659E+00, 1.28334E+00, 5.88816E+00, 2.57032E-01, 3.97808E+00, 3.99557E+00, 6.58184E+00, 1.85359E+00, 7.48807E+00, 6.69866E+01, 1.91318E+00, 5.71202E+00, 3.09145E-02, 3.97761E+00, 3.36890E+00, 6.27120E+00, 4.12911E+00, 5.62108E+00, 1.03708E+00, 4.21420E+00, 1.48197E+00, 1.95519E+00, 7.66862E+00, 5.59277E+01, 5.55397E+00, 3.42892E+00, 2.90801E+00, 3.63858E+00, 4.72295E+00, 7.04154E+00, 5.02035E+01, 1.72423E+00, 5.43769E+00, 6.66250E-01, 3.36796E+00, 3.41253E+00, 3.18589E+00, 4.03371E+00, 1.01206E+00, 1.99306E+00, 4.11878E+00, 1.22284E+00, 5.04130E+01, 1.06149E+00, 3.26184E+00, 4.92746E+00, 1.89620E+00, 4.96209E+00, 1.82509E+00, 7.62806E+00, 2.48576E+01, 1.61425E+00, 5.57314E+00, 3.66483E+00, 2.38807E+00, 3.34847E+00, 3.21243E+00, 6.71859E+00, 4.50653E+00, 1.72476E+00, 1.40752E+00, 7.72789E+01, 7.20818E+00, 1.80273E+00, 3.58233E-01, 3.29465E+00, 2.81392E+00, 3.03263E+00, 3.57894E+00, 6.72513E+00, 4.57347E+00, 4.48056E+00, 1.14959E+00, 4.49837E+00, 1.48669E+00, 4.80311E+00, 3.14395E+00, 4.44721E+00, 4.21852E+00, 1.32565E+00, 5.24614E+00, 4.87610E-01, 3.78188E+00, 2.16557E+00, 3.64199E+00, 6.91522E+00, 5.72459E+00, 4.71841E+00, 4.58366E+00, 1.58112E+00, 4.89558E+00, 1.29826E+00, 7.87649E+01, 7.14403E+00, 3.53572E-01, 2.50970E+00, 6.62099E+00, 4.34533E+00, 1.64624E+00, 4.78252E+01, 5.56017E+00, 3.68741E+00, 2.59595E+00, 3.98346E+00, 4.86364E+00, 5.92792E+00, 4.01004E+00, 1.40370E+00, 4.10883E+00, 4.03289E+00, 8.29027E+01, 7.62510E+00, 3.42859E-01, 2.78484E+00, 3.34590E+00, 3.71532E+00, 4.83145E+00, 5.93951E+00, 1.32412E+00, 4.29766E+00, 4.58077E+00, 9.63795E+01, 8.30394E+01, 8.46035E-01, 2.69735E+00, 3.97765E+00, 1.20178E+00, 4.94940E+00, 1.81220E+00, 1.17180E+01, 1.05306E+01, 1.55651E+00, 5.74986E+00, 3.57047E+00, 3.08315E+00, 3.25387E+00, 6.63926E+00, 4.32274E+00, 5.14981E+00, 4.08533E+00, 4.55307E+00, 1.14955E+00, 1.07366E+00, 9.21574E-01, 2.53221E+00, 5.23124E+00, 4.81191E+00, 1.32053E+00, 4.51546E+00, 1.29781E+00, 9.53468E+01, 9.20243E-01, 3.34278E+00, 2.90583E+00, 3.16271E+00, 3.60118E+00, 6.38210E+00, 4.49757E+00, 4.38702E+00, 1.60225E+00, 4.84002E+00, 1.01333E+00, 1.80909E+00, 7.34192E+01, 1.41389E+00, 3.19375E+00, 3.03738E+00, 4.97899E+00, 5.24337E+00, 1.14114E+00, 7.94532E+01, 1.03638E+01, 3.81723E+00, 2.27656E+00, 3.57751E+00, 3.81918E+00, 6.54767E+00, 5.40521E+00, 4.90523E+00, 1.95771E+00, 1.89535E+00, 7.30953E+00, 5.12632E+00, 2.89694E+00, 4.28082E+00, 5.68930E+00, 4.48853E+00, 4.54311E+00, 1.92881E+00, 7.43150E+00, 5.15792E+00, 4.89031E-01, 3.39949E+00, 3.82441E+00, 3.56432E+00, 6.44393E+00, 5.13793E+00, 1.14231E+00, 4.33038E+00, 1.74848E+00, 4.83095E+01, 1.37542E+00, 5.75135E+00, 8.93081E-02, 3.86655E+00, 4.44541E+00, 5.69094E+00, 1.98091E+00, 1.55573E+00, 7.24401E+01, 1.27580E-01, 3.44953E+00, 4.78852E+00, 5.91473E+00, 4.46611E+00, 1.74850E+00, 8.17312E+01, 7.87258E+00, 1.06163E+00, 5.60049E+00, 1.64137E-01, 3.19551E+00, 2.69392E+00, 3.13099E+00, 6.72408E+00, 5.10088E+00, 4.72323E+00, 8.43946E+01, 7.92041E+00, 1.93031E+00, 5.08289E+00, 3.63175E+00, 6.32772E+00, 4.39144E+00, 1.90361E+00, 4.20801E+00, 4.92313E+00, 1.77085E+00, 6.81052E+01, 1.61063E+00, 3.90181E+00, 4.68696E+00, 1.77165E+00, 1.05303E+00, 4.59530E+00, 1.57650E+00, 1.85345E+00, 7.42022E+00, 1.41800E+00, 5.52607E+00, 5.02095E-01, 2.91920E+00, 3.62029E+00, 6.23082E+00, 4.34386E+00, 5.99810E+00, 4.83766E+00, 1.52857E+00, 1.41842E+00, 2.77453E+01, 7.84942E+00, 5.15118E+00, 3.97175E+00, 1.06820E+00, 4.96000E+00, 1.63415E+00, 5.49593E+01, 7.52949E+00, 2.08721E+01, 5.03296E+00, 3.01084E+00, 2.70774E+00, 3.64712E+00, 4.35567E+00, 4.89353E+00, 1.94361E+00, 4.68810E+00, 1.63986E+00, 1.60142E+00, 5.13350E+01, 5.97632E+00, 3.28066E-01, 3.92607E+00, 4.61043E+00, 1.11595E+00, 1.20157E+00, 1.67432E+01, 7.62601E+00, 8.15039E+01, 1.34792E+00, 3.92879E+00, 3.91235E+00, 4.32542E+00, 5.94796E+00, 4.75155E+00, 4.91356E+00, 1.79400E+00, 3.37525E+01, 7.95491E+00, 7.88902E-01, 3.48183E+00, 3.69678E+00, 5.40501E+00, 1.17096E+00, 1.52283E+00, 1.14141E+00, 4.84946E+01, 7.56952E+00, 1.32561E+00, 5.43629E+00, 2.86119E-01, 3.15244E+00, 2.90071E+00, 3.22786E+00, 6.06073E+00, 4.95661E+00, 4.19906E+00, 1.55259E+00, 1.08672E+01, 3.86208E+01, 5.12635E+00, 8.87468E-01, 3.60369E+00, 4.02899E+00, 1.54954E+00, 1.57275E+00, 9.25602E+01, 5.88394E+00, 8.24067E-01, 3.51014E+00, 4.44153E+00, 5.85487E+00, 1.91736E+00, 1.02825E+00, 4.03047E+01, 7.28188E+00, 7.02903E+01, 1.70129E+00, 5.08899E-01, 3.01169E+00, 3.42024E+00, 6.27212E+00, 4.05129E+00, 1.54456E+00, 7.76764E+00, 1.85943E+00, 5.76746E+00, 3.99513E+00, 2.80913E+00, 3.20252E+00, 4.05272E+00, 1.28861E+00, 1.05980E+00, 7.21938E+00, 5.85503E+00, 4.65479E-01, 3.06697E+00, 2.23779E+00, 3.45343E+00, 4.82636E+00, 4.89674E+00, 4.13382E+00), b.lab=c(9.93915E-02, 8.14070E-02, 7.81174E-02, -2.29801E-01, 2.54754E-02, -1.17315E-01, 6.76160E-03, 1.02511E-01, -1.49861E-02, 1.96327E-01, -2.41164E-01, 2.23146E-03, -1.36468E-01, -2.25064E-02, -8.87291E-02, -2.60995E-02, 3.68518E-03, -7.54242E-02, -5.63053E-02), beta=c(-1.51345E+00, 1.63841E-01, 1.02805E+00, 1.62586E-02, 5.04449E-01, -1.68450E-01, -7.33332E-02, -5.34988E-01, -1.28751E+00, 3.31414E-01, -2.76821E-01, -1.40311E+00, -1.00459E+00, -1.01073E+00, -8.68818E-01, 4.41216E-01, -1.41880E+00, -5.25248E-01, -2.23317E-01, -1.92434E-01), sigma=1.72207E-02, sigma.lab=3.07584E-01)
