list(y=c(7.83452E+00, 5.59151E+01, 1.47864E+00, 5.45423E+00, 2.94823E+00, 3.21870E+00, 1.89318E+00, 4.96487E+00, 4.77579E+00, 1.50548E+00, 8.66685E+01, 7.57180E+00, 1.40705E+00, 5.57430E+00, 9.86613E-01, 3.08810E+00, 3.24340E+00, 1.24079E+00, 4.49504E+00, 4.75835E+00, 1.48649E+00, 3.21122E+01, 7.40690E+00, 4.58140E+01, 1.38016E+00, 2.06148E+00, 3.47665E+00, 4.84962E+00, 5.64517E+00, 4.26886E+00, 4.27876E+00, 1.60841E+00, 4.10666E+00, 1.76501E+00, 1.40414E+00, 1.30925E+01, 2.13995E+00, 3.48858E+00, 4.40550E+00, 4.88258E+00, 1.32537E+00, 6.40034E+01, 1.51535E+00, 6.47735E-01, 3.80430E+00, 6.08198E+00, 5.29586E+00, 4.29981E+00, 1.73649E+00, 4.15530E+00, 1.79897E+00, 4.14273E+00, 1.44233E+00, 1.85181E+00, 7.46341E+01, 2.38401E+00, 6.45282E+00, 4.38449E+00, 5.65818E+00, 4.80839E+00, 1.86264E+00, 4.36483E+01, 7.86096E+00, 5.42899E+00, 7.05015E-02, 3.69471E+00, 2.41400E+00, 3.73086E+00, 6.56177E+00, 4.83266E+00, 5.90918E+00, 4.37306E+00, 1.23161E+00, 1.44779E+00, 6.06535E+01, 4.21857E-01, 4.46276E+00, 5.91229E+00, 4.57891E+00, 1.22759E+00, 4.32531E+00, 1.29156E+00, 7.24776E+01, 5.35076E+00, 5.71978E+00, 1.35463E+00, 1.43200E+00, 2.36272E+01, 7.38722E+00, 1.17728E+01, 1.27700E+00, 5.81136E+00, 1.33773E-01, 2.00731E+00, 3.08772E+00, 3.28519E+00, 6.15286E+00, 4.41206E+00, 5.57431E+00, 1.30543E+00, 1.98433E+00, 4.34304E+00, 1.26012E+00, 1.05628E+00, 6.13377E+01, 7.15588E+00, 3.82623E+01, 3.40862E+00, 4.47982E+00, 1.08109E+00, 1.29904E+00, 2.87998E+01, 1.34518E+00, 5.91999E+00, 3.87069E+00, 3.79704E+00, 3.67425E+00, 5.18147E+00, 4.68927E+00, 1.97692E+00, 4.67681E+00, 1.68400E+00, 4.47711E+00, 1.95028E+00, 3.02635E+01, 7.13408E+00, 1.38553E+00, 2.34124E-01, 3.66778E+00, 6.81469E+00, 1.16772E+00, 1.78242E+00, 1.38338E+00, 1.73951E+01, 1.19504E+00, 5.53083E+00, 3.40159E+00, 6.24047E+00, 4.91767E+00, 1.21063E+00, 1.38273E+00, 1.54205E+00, 7.91519E+00, 1.15432E+00, 5.00526E+00, 3.69309E+00, 3.48150E+00, 6.94853E+00, 4.24295E+00, 5.15385E+00, 4.23431E+00, 4.98605E+00, 1.85942E+00, 1.83970E+00, 7.17956E+00, 7.91231E-02, 2.32230E+00, 1.56981E+00, 1.60666E+00, 4.08466E+00, 1.39244E+00, 6.04788E+01, 7.57710E+00, 4.91034E+01, 5.98639E+00, 3.62930E+00, 3.78436E+00, 3.96703E+00, 6.22893E+00, 4.74696E+00, 4.61332E+00, 1.12357E+00, 1.57767E+00, 7.89975E+00, 8.84057E+01, 1.97361E+00, 5.74641E+00, 5.06332E+00, 4.71965E+00, 1.91011E+00, 7.25712E+00, 9.98761E+01, 5.30510E+00, 9.94120E-02, 3.89393E+00, 2.63392E+00, 6.32377E+00, 4.95695E+00, 1.01398E+00, 4.76967E+00, 1.90782E+00, 4.07165E+00, 1.54818E+00, 7.86611E+00, 1.50014E+00, 5.29965E+00, 3.04970E-01, 4.50151E+00, 4.20886E+00, 1.65545E+00, 4.92660E+00, 1.62085E+00, 4.49172E+01, 2.57058E+01, 1.07075E+00, 9.24104E-01, 3.09301E+00, 3.75519E+00, 3.43589E+00, 6.68023E+00, 4.12093E+00, 1.78343E+00, 1.86494E+00, 1.69637E+00, 8.67076E+01, 7.80498E+01, 1.51935E+00, 2.23703E+00, 4.45415E+00, 4.09423E+00, 1.35947E+00, 4.41275E+00, 1.76752E+00, 7.31022E+00, 8.11153E+01, 3.88992E+00, 2.43249E+00, 3.83362E+00, 6.79880E+00, 4.53805E+00, 4.94804E+00, 1.37442E+00, 4.47849E+00, 1.02764E+00, 7.22318E+01, 7.14387E+00, 1.18217E+00, 5.60378E+00, 2.25670E+00, 3.33266E+00, 3.84478E+00, 6.37667E+00, 4.85350E+00, 1.77908E+00, 1.64027E+00, 4.89649E+00, 1.66905E+00, 3.12950E+01, 3.65187E+00, 4.02044E+00, 1.73331E+00, 4.63475E+00, 1.85874E+00, 4.21719E+00, 1.78279E+00, 1.48725E+00, 4.24357E+01, 6.84465E-01, 3.74820E+00, 2.99209E+00, 3.44638E+00, 5.23384E+00, 4.59410E+00, 1.64075E+00, 1.37689E+00, 7.50653E+00, 7.47470E+01, 5.00871E+00, 8.37372E-01, 3.94288E+00, 2.94472E+00, 3.18162E+00, 6.01831E+00, 5.26628E+00, 4.03230E+00, 4.99243E+00, 7.09047E+01, 1.28848E+01, 3.06207E+00, 3.60728E+00, 4.00928E+00, 1.72120E+00, 4.38867E+00, 1.30603E+00, 8.75717E+01, 1.59290E+00, 4.96477E-01, 3.79248E+00, 2.89621E+00, 3.75391E+00, 6.80597E+00, 4.35489E+00, 5.40910E+00, 4.37417E+00, 4.55037E+00, 1.70021E+00, 1.57812E+00, 1.19831E+00, 4.34584E-01, 3.65477E+00, 6.60202E+00, 5.03667E+00, 4.35006E+00, 1.03383E+00, 7.58814E+00, 9.81796E+00, 1.11707E+00, 2.57620E+00, 3.79752E+00, 3.81922E+00, 6.37940E+00, 4.14203E+00, 5.77714E+00, 4.53660E+00, 1.96563E+00, 4.25355E+00, 1.32090E+00, 5.15383E+00, 6.04387E-01, 3.06948E+00, 2.25163E+00, 6.18031E+00, 1.73142E+00, 1.08797E+00, 4.79135E+00, 1.93836E+00, 8.59892E+01, 1.92662E+00, 5.97118E+00, 3.03434E+00, 2.58865E+00, 6.77480E+00, 4.87418E+00, 4.65599E+00, 1.65396E+00, 4.58211E+00, 4.95037E+00, 6.35481E+01, 3.09171E+00, 5.23619E+00, 1.88697E+00, 4.18281E+00, 4.88473E+00, 1.20824E+00, 1.43538E+00, 7.48068E+00, 1.29499E+00, 3.23778E+00, 2.26864E+00, 3.71551E+00, 6.44937E+00, 4.74440E+00, 5.90694E+00, 4.26589E+00, 1.12844E+00, 4.55211E+00, 1.36987E+00, 7.38259E+00, 8.90002E+01, 1.44163E+00, 2.73976E+00, 3.35141E+00, 3.83655E+00, 6.30341E+00, 4.92589E+00, 1.83949E+00, 4.81082E+00, 4.33127E+00, 1.86020E+00, 5.52805E+00, 2.33922E+00, 3.94990E+00, 4.00457E+00, 5.64890E+00, 4.04854E+00, 1.31261E+00, 1.74980E+00, 4.06647E+00, 1.07848E+00, 6.60375E+01, 7.60813E+01, 7.26195E-01, 3.11631E+00, 6.96626E+00, 4.93863E+00, 5.38053E+00, 4.45040E+00, 1.02668E+00, 4.96366E+00, 1.15524E+00, 7.12453E+01, 6.86457E+01, 1.80181E+00, 3.32029E+00, 6.27676E+00, 5.08309E+00, 1.67503E+00), b.lab=c(-1.58795E-01, 9.07893E-02, 1.23928E-01, 2.35100E-01, 6.74551E-02, -2.19009E-01, 6.27223E-02, -1.38833E-01, -9.52467E-02, -1.20858E-01, -7.65106E-02, 1.52628E-01, 5.57506E-02, -5.34277E-02, 7.54388E-02, -1.14812E-01, -2.17100E-02, -1.81405E-02, 4.02089E-02, 5.95382E-02), beta=c(-8.81623E-01, -4.16714E-01, 1.67029E+00, -4.12783E-01, 5.50644E-01, -7.44566E-02, -7.75592E-01, 5.44730E-01, -8.51151E-01, 1.24608E+00, -2.45692E+00, 6.17719E-02, 1.05110E+00, 1.42602E+00, -1.64061E-01, -8.30687E-01, 8.18414E-01, 1.23950E+00, -3.85934E-01, -1.79365E+00), sigma=4.96875E-01, sigma.lab=9.43336E-02)
