list(y=c(4.85815E+01, 9.89283E-01, 3.05480E+00, 3.41043E+00, 6.06322E+00, 4.58022E+00, 5.37431E+00, 4.11236E+00, 1.48756E+00, 1.44851E+00, 6.33259E+01, 2.61300E+00, 3.29640E+00, 6.90505E+00, 4.55416E+00, 5.34656E+00, 4.21893E+00, 1.20888E+00, 1.62478E+00, 5.69720E+00, 3.72409E-01, 3.31592E+00, 3.59566E+00, 6.71410E+00, 1.06753E+00, 7.64516E+00, 6.95806E+01, 1.05977E+00, 5.59144E+00, 4.63135E-01, 3.94076E+00, 3.19574E+00, 6.55598E+00, 4.44553E+00, 5.57401E+00, 1.26711E+00, 4.51781E+00, 1.09216E+00, 1.33089E+00, 7.36939E+00, 3.63800E+01, 5.36559E+00, 3.62719E+00, 2.10266E+00, 3.03230E+00, 4.24182E+00, 7.18003E+00, 5.75093E+01, 1.74610E+00, 5.19212E+00, 2.38325E-01, 3.98109E+00, 3.46904E+00, 3.00476E+00, 4.40583E+00, 1.74893E+00, 1.36693E+00, 4.66429E+00, 1.80160E+00, 7.36246E+01, 1.11453E+00, 3.31755E+00, 4.99177E+00, 1.05051E+00, 4.38425E+00, 1.08560E+00, 7.91052E+00, 7.13499E+01, 1.13973E+00, 5.24296E+00, 3.92349E+00, 2.18083E+00, 3.72019E+00, 3.54835E+00, 6.57237E+00, 4.39620E+00, 1.52091E+00, 1.23601E+00, 2.95720E+01, 7.44629E+00, 1.88833E+00, 2.82191E-01, 3.62005E+00, 2.28198E+00, 3.36535E+00, 3.12046E+00, 6.61104E+00, 4.16539E+00, 4.27565E+00, 1.91476E+00, 4.84858E+00, 1.53638E+00, 4.47318E+00, 3.59071E+00, 4.77392E+00, 4.48078E+00, 1.15863E+00, 5.15394E+00, 9.96946E-01, 3.56700E+00, 2.19339E+00, 3.89239E+00, 6.20932E+00, 5.85491E+00, 4.38603E+00, 4.98081E+00, 1.51760E+00, 4.66011E+00, 1.29517E+00, 5.59414E+01, 7.64463E+00, 2.46163E-01, 2.84681E+00, 6.65678E+00, 4.80344E+00, 1.35120E+00, 5.88345E+01, 5.56994E+00, 3.62181E+00, 2.26817E+00, 3.41225E+00, 4.87693E+00, 5.20013E+00, 4.13080E+00, 1.57782E+00, 4.34642E+00, 4.00497E+00, 6.24656E+01, 7.54766E+00, 3.53774E-01, 2.88866E+00, 3.31141E+00, 3.19749E+00, 4.32703E+00, 5.32575E+00, 1.32269E+00, 4.80615E+00, 4.99322E+00, 9.63844E+01, 7.17704E+01, 7.09563E-01, 2.92201E+00, 3.02874E+00, 1.04199E+00, 4.44840E+00, 1.50972E+00, 2.00902E+01, 4.44682E+01, 1.18747E+00, 5.82996E+00, 3.81276E+00, 3.31474E+00, 3.79859E+00, 6.10668E+00, 4.10317E+00, 5.12285E+00, 4.83205E+00, 4.36229E+00, 1.93216E+00, 1.57350E+00, 8.95386E-01, 2.79316E+00, 5.16141E+00, 4.35040E+00, 1.59523E+00, 4.11940E+00, 1.47227E+00, 6.36181E+01, 8.45178E-01, 3.43857E+00, 2.08794E+00, 3.17790E+00, 3.88986E+00, 6.59911E+00, 4.68640E+00, 4.15577E+00, 1.08775E+00, 4.53524E+00, 1.67629E+00, 1.19690E+00, 1.60840E+01, 1.35912E+00, 3.55275E+00, 3.71584E+00, 4.50853E+00, 5.99844E+00, 1.61353E+00, 3.79588E+01, 3.94534E+01, 3.24294E+00, 2.71994E+00, 3.96316E+00, 3.03551E+00, 6.38759E+00, 5.28649E+00, 4.51728E+00, 1.83732E+00, 1.38964E+00, 7.15810E+00, 5.79217E+00, 2.66948E+00, 4.79105E+00, 5.89519E+00, 4.41197E+00, 4.17168E+00, 1.40549E+00, 7.58791E+00, 5.35656E+00, 3.42983E-01, 3.59666E+00, 3.46158E+00, 3.79347E+00, 6.04814E+00, 5.78370E+00, 1.19008E+00, 4.57714E+00, 1.01516E+00, 4.10919E+01, 1.67239E+00, 5.67146E+00, 7.87212E-01, 3.69184E+00, 4.84005E+00, 5.90056E+00, 1.63941E+00, 1.89409E+00, 4.11150E+01, 3.79259E-01, 3.10421E+00, 4.08609E+00, 5.04209E+00, 4.45384E+00, 1.44316E+00, 6.18104E+01, 7.04488E+00, 1.37543E+00, 5.19718E+00, 3.21467E-01, 3.01974E+00, 2.96927E+00, 3.77743E+00, 6.55619E+00, 5.85577E+00, 4.86227E+00, 8.55196E+01, 7.86515E+00, 1.77696E+00, 5.58928E+00, 3.68927E+00, 6.34966E+00, 4.54757E+00, 1.43222E+00, 4.25564E+00, 4.36379E+00, 1.60860E+00, 3.16145E+01, 1.55387E+00, 3.56075E+00, 4.26790E+00, 1.56559E+00, 1.85553E+00, 4.20234E+00, 1.87044E+00, 1.52407E+00, 7.17357E+00, 1.69634E+00, 5.63781E+00, 7.01897E-01, 2.45499E+00, 3.40892E+00, 6.19601E+00, 4.56100E+00, 5.82628E+00, 4.09481E+00, 1.01767E+00, 1.82064E+00, 9.53477E+01, 7.04449E+00, 5.82484E+00, 3.45701E+00, 1.10763E+00, 4.28653E+00, 1.74847E+00, 5.58094E+01, 7.94057E+00, 9.25642E+01, 5.49889E+00, 3.86900E+00, 2.42323E+00, 3.31266E+00, 4.45085E+00, 4.98133E+00, 1.30342E+00, 4.87945E+00, 1.34205E+00, 1.23523E+00, 3.82660E+01, 5.34819E+00, 4.42956E-01, 3.22799E+00, 4.55171E+00, 1.76262E+00, 1.39724E+00, 8.31327E+01, 7.23197E+00, 8.97837E+01, 1.87712E+00, 3.82579E+00, 3.21259E+00, 4.01224E+00, 5.27563E+00, 4.88944E+00, 4.42732E+00, 1.15594E+00, 6.39610E+01, 7.81996E+00, 8.18829E-01, 3.23969E+00, 3.33761E+00, 5.55469E+00, 1.80097E+00, 1.80586E+00, 1.25067E+00, 1.15167E+01, 7.82756E+00, 1.52278E+00, 5.96027E+00, 2.13649E-01, 3.27674E+00, 2.73099E+00, 3.59007E+00, 6.95288E+00, 4.31724E+00, 4.75668E+00, 1.21879E+00, 9.53801E+01, 1.35973E+01, 5.75645E+00, 8.41844E-01, 3.34650E+00, 4.76012E+00, 1.99493E+00, 1.46374E+00, 8.16072E+01, 5.87111E+00, 5.25037E-01, 3.12473E+00, 4.92416E+00, 5.72110E+00, 1.42689E+00, 1.15908E+00, 9.90255E+01, 7.56925E+00, 2.39289E+01, 1.94820E+00, 6.02234E-01, 3.40029E+00, 3.29715E+00, 6.45531E+00, 4.22665E+00, 1.57791E+00, 7.13005E+00, 1.44530E+00, 5.66984E+00, 3.61132E+00, 2.47953E+00, 3.90107E+00, 4.76562E+00, 1.29658E+00, 1.96141E+00, 7.41549E+00, 5.59096E+00, 4.86355E-01, 3.96295E+00, 2.70746E+00, 3.93536E+00, 4.37950E+00, 4.34700E+00, 4.83702E+00), b.lab=c(-4.83089E-02, 1.63163E-01, -1.22121E-01, 9.06127E-02, 5.07259E-02, -8.40475E-02, -1.33452E-01, -2.17447E-02, -1.38308E-01, -1.49747E-02, -6.92887E-02, 3.63160E-02, -1.17837E-01, -1.66492E-02, -6.80162E-02, -3.04010E-02, -2.16946E-02, 7.13595E-02, -1.26201E-01), beta=c(9.47222E-01, 9.33708E-01, 1.24457E+00, 1.33191E+00, -9.97510E-03, -7.04894E-01, 4.94711E-01, -9.88586E-01, 1.26700E-01, 2.33136E-01, 1.33058E+00, 4.71955E-01, 3.45781E-01, -1.56862E+00, -2.63986E-01, 1.39720E+00, -1.70671E-01, 1.41946E+00, -1.05651E+00, 6.54063E-01), sigma=3.94983E-01, sigma.lab=5.65963E-01)
