list(y=c(7.99056E+00, 5.12319E+01, 1.00641E+00, 5.25465E+00, 2.22821E+00, 3.40259E+00, 1.30304E+00, 4.00963E+00, 4.79838E+00, 1.14890E+00, 1.49410E+01, 7.72934E+00, 1.26779E+00, 5.70489E+00, 5.12668E-01, 3.25241E+00, 3.82005E+00, 1.56928E+00, 4.38729E+00, 4.72389E+00, 1.21263E+00, 7.94572E+01, 7.63311E+00, 2.75825E+01, 1.88312E+00, 2.07454E+00, 3.36354E+00, 4.45047E+00, 5.76462E+00, 4.37529E+00, 4.78590E+00, 1.75234E+00, 4.94791E+00, 1.43123E+00, 1.85357E+00, 6.91934E+01, 2.62210E+00, 3.86496E+00, 4.22405E+00, 4.74880E+00, 1.48675E+00, 2.74195E+01, 1.30498E+00, 9.71886E-01, 3.31696E+00, 6.54371E+00, 5.41296E+00, 4.59788E+00, 1.96898E+00, 4.98975E+00, 1.86141E+00, 4.25112E+00, 1.81179E+00, 1.64569E+00, 8.83858E+01, 2.73303E+00, 6.67507E+00, 4.22052E+00, 5.20175E+00, 4.50689E+00, 1.36750E+00, 8.15300E+01, 7.44071E+00, 5.12199E+00, 3.34097E-01, 3.99838E+00, 2.93202E+00, 3.94483E+00, 6.84546E+00, 4.32706E+00, 5.82024E+00, 4.34661E+00, 1.25581E+00, 1.82618E+00, 1.68316E+01, 4.56908E-02, 4.44030E+00, 5.54057E+00, 4.25505E+00, 1.74043E+00, 4.90698E+00, 1.89691E+00, 7.22658E+01, 5.09278E+00, 5.19766E+00, 1.27579E+00, 1.25059E+00, 7.97589E+01, 7.40666E+00, 3.06552E+01, 1.28360E+00, 5.32012E+00, 2.67306E-01, 2.15850E+00, 3.69882E+00, 3.47843E+00, 6.88525E+00, 4.69829E+00, 5.12441E+00, 1.48610E+00, 1.27560E+00, 4.72908E+00, 1.55746E+00, 1.29289E+00, 2.68849E+01, 7.68556E+00, 3.29207E+01, 3.13307E+00, 4.01545E+00, 1.70628E+00, 1.81128E+00, 8.46791E+01, 1.39293E+00, 5.10611E+00, 3.73138E+00, 3.98130E+00, 3.78125E+00, 5.30401E+00, 4.03382E+00, 1.59378E+00, 4.85135E+00, 1.37770E+00, 4.49347E+00, 1.90269E+00, 9.25141E+01, 7.42437E+00, 1.31740E+00, 9.48281E-01, 3.31073E+00, 6.49425E+00, 1.61564E+00, 1.22665E+00, 1.43934E+00, 6.31018E+01, 1.25812E+00, 5.62384E+00, 3.61347E+00, 6.01582E+00, 4.64353E+00, 1.75842E+00, 1.92711E+00, 1.56023E+00, 7.63975E+00, 1.64093E+00, 5.83114E+00, 3.18997E+00, 3.80506E+00, 6.83874E+00, 4.89373E+00, 5.62687E+00, 4.28254E+00, 4.18751E+00, 1.94060E+00, 1.86637E+00, 7.95578E+00, 7.29223E-01, 2.47176E+00, 1.14407E+00, 1.82704E+00, 4.61760E+00, 1.90715E+00, 6.55959E+01, 7.94092E+00, 1.08738E+01, 5.66109E+00, 3.13844E+00, 3.65327E+00, 3.74293E+00, 6.40234E+00, 4.46539E+00, 4.66908E+00, 1.61225E+00, 1.28086E+00, 7.07544E+00, 2.51628E+01, 1.70347E+00, 5.72633E+00, 5.40398E+00, 4.58181E+00, 1.02668E+00, 7.32492E+00, 7.23662E+01, 5.38632E+00, 4.54956E-01, 3.79760E+00, 2.12856E+00, 6.74443E+00, 4.58251E+00, 1.36863E+00, 4.39620E+00, 1.34987E+00, 4.19170E+00, 1.03279E+00, 7.34244E+00, 1.94170E+00, 5.35459E+00, 7.88993E-01, 4.09757E+00, 4.52660E+00, 1.63713E+00, 4.70245E+00, 1.84212E+00, 2.14335E+01, 2.85970E+01, 1.42141E+00, 4.32155E-02, 3.89529E+00, 3.53043E+00, 3.96916E+00, 6.44475E+00, 4.58815E+00, 1.05628E+00, 1.84439E+00, 1.64151E+00, 3.47797E+01, 7.36809E+01, 1.94404E+00, 2.67989E+00, 4.46301E+00, 4.90700E+00, 1.73551E+00, 4.67541E+00, 1.40816E+00, 7.73336E+00, 5.61747E+01, 3.46016E+00, 2.64509E+00, 3.86417E+00, 6.00212E+00, 4.28982E+00, 4.03723E+00, 1.17984E+00, 4.90638E+00, 1.22986E+00, 9.63186E+01, 7.64844E+00, 1.84935E+00, 5.96344E+00, 2.99946E+00, 3.59579E+00, 3.57319E+00, 6.63067E+00, 4.36245E+00, 1.35026E+00, 1.91800E+00, 4.25599E+00, 1.36777E+00, 7.20087E+01, 3.37233E+00, 4.64321E+00, 1.11220E+00, 4.76107E+00, 1.88985E+00, 4.55038E+00, 1.77495E+00, 1.83685E+00, 5.54847E+01, 2.33644E-01, 3.93428E+00, 2.01390E+00, 3.70933E+00, 5.64369E+00, 4.81078E+00, 1.65576E+00, 1.33570E+00, 7.73207E+00, 8.10851E+01, 5.82917E+00, 6.80144E-02, 3.97569E+00, 2.97211E+00, 3.02066E+00, 6.66792E+00, 5.92529E+00, 4.04798E+00, 4.80672E+00, 2.29684E+01, 1.16636E+01, 3.48925E+00, 3.69625E+00, 4.14391E+00, 1.44289E+00, 4.38216E+00, 1.04015E+00, 1.10120E+01, 1.54012E+00, 2.44493E-01, 3.62831E+00, 2.54164E+00, 3.02848E+00, 6.26002E+00, 4.04751E+00, 5.38406E+00, 4.09111E+00, 4.55899E+00, 1.45870E+00, 1.96684E+00, 1.20077E+00, 7.25022E-03, 3.98880E+00, 6.53671E+00, 5.19660E+00, 4.64703E+00, 1.93666E+00, 7.64003E+00, 3.99487E+01, 1.96440E+00, 2.13244E+00, 3.73339E+00, 3.98233E+00, 6.08389E+00, 4.40739E+00, 5.72400E+00, 4.03184E+00, 1.11442E+00, 4.60110E+00, 1.95267E+00, 5.93021E+00, 9.10908E-01, 3.28330E+00, 2.75256E+00, 6.72817E+00, 1.47137E+00, 1.21728E+00, 4.45456E+00, 1.73309E+00, 3.06302E+01, 1.08150E+00, 5.32953E+00, 3.39349E+00, 2.93778E+00, 6.90516E+00, 4.73265E+00, 4.10662E+00, 1.28180E+00, 4.98878E+00, 4.09574E+00, 3.25135E+01, 3.22195E+00, 5.09907E+00, 1.76554E+00, 4.27827E+00, 4.77987E+00, 1.96233E+00, 1.91350E+00, 7.32873E+00, 1.48366E+00, 3.91006E+00, 2.92934E+00, 3.72300E+00, 6.54715E+00, 4.79876E+00, 5.14566E+00, 4.34934E+00, 1.94328E+00, 4.71684E+00, 1.26812E+00, 7.50461E+00, 3.56237E+01, 1.76409E+00, 2.14049E+00, 3.20022E+00, 3.76420E+00, 6.51523E+00, 4.52453E+00, 1.56548E+00, 4.14058E+00, 4.09610E+00, 1.13063E+00, 5.00732E+00, 2.61814E+00, 3.16773E+00, 4.86620E+00, 5.27484E+00, 4.29917E+00, 1.06331E+00, 1.38739E+00, 4.98224E+00, 1.42159E+00, 7.93672E+01, 5.24207E+01, 3.83172E-01, 3.59968E+00, 6.02794E+00, 4.93314E+00, 5.78078E+00, 4.31275E+00, 1.22477E+00, 4.00048E+00, 1.00177E+00, 7.51771E+01, 6.08252E+01, 1.25573E+00, 3.40953E+00, 6.23288E+00, 5.95552E+00, 1.83345E+00), b.lab=c(-3.77446E-02, 2.71337E-02, -5.10835E-03, 1.69022E-01, -1.36615E-02, 5.86107E-02, 6.14260E-02, 3.40134E-02, 2.94298E-02, -1.66455E-01, -7.23487E-02, 5.23143E-02, 1.20443E-01, -3.24986E-02, -1.36476E-01, -1.72710E-02, -1.16998E-01, 1.54075E-01, 4.49991E-02, 1.09083E-01), beta=c(2.06237E+00, 1.15562E+00, -1.09911E+00, -5.60805E-01, 7.60735E-02, 2.45010E-01, -1.26357E+00, -8.16281E-01, -2.58540E-01, -9.63310E-01, -6.65379E-01, 5.63725E-01, 5.10361E-01, -9.56600E-02, 5.44127E-01, 9.82524E-01, -7.19887E-01, -1.60446E+00, 6.82660E-01, -6.17727E-01), sigma=2.45144E-02, sigma.lab=5.23779E-01)
