list(y=c(7.83310E+00, 4.44075E+01, 1.55926E+00, 5.44386E+00, 2.10228E+00, 3.11343E+00, 1.56464E+00, 4.18519E+00, 4.68998E+00, 1.35576E+00, 7.01977E+01, 7.97875E+00, 1.36352E+00, 5.40289E+00, 5.60222E-01, 3.25803E+00, 3.80342E+00, 1.51152E+00, 4.35387E+00, 4.84110E+00, 1.06013E+00, 4.07014E+01, 7.72119E+00, 4.81308E+01, 1.48997E+00, 2.32777E+00, 3.84098E+00, 4.55043E+00, 5.81806E+00, 4.13583E+00, 4.39603E+00, 1.61295E+00, 4.75652E+00, 1.06126E+00, 1.84827E+00, 7.15717E+01, 2.75875E+00, 3.55835E+00, 4.65771E+00, 4.32138E+00, 1.79504E+00, 1.44004E+01, 1.69432E+00, 2.82601E-01, 3.65308E+00, 6.41462E+00, 5.80844E+00, 4.98987E+00, 1.06447E+00, 4.80735E+00, 1.44395E+00, 4.52488E+00, 1.07008E+00, 1.84279E+00, 3.17648E+01, 2.72294E+00, 6.82194E+00, 4.12932E+00, 5.65132E+00, 4.20509E+00, 1.44001E+00, 3.02745E+01, 7.52245E+00, 5.81749E+00, 1.98196E-01, 3.75349E+00, 2.05551E+00, 3.26589E+00, 6.87028E+00, 4.17011E+00, 5.67289E+00, 4.01175E+00, 1.20744E+00, 1.52640E+00, 4.06090E+01, 4.01773E-01, 4.63411E+00, 5.02454E+00, 4.85115E+00, 1.94416E+00, 4.13751E+00, 1.00978E+00, 1.02177E+01, 5.37998E+00, 5.86802E+00, 1.88525E+00, 1.92727E+00, 3.71626E+01, 7.69839E+00, 2.15346E+01, 1.94081E+00, 5.32747E+00, 8.69427E-01, 2.15215E+00, 3.43215E+00, 3.78676E+00, 6.83244E+00, 4.51663E+00, 5.49934E+00, 1.07240E+00, 1.21289E+00, 4.84083E+00, 1.53117E+00, 1.48849E+00, 5.36639E+01, 7.22061E+00, 6.09152E+01, 3.11180E+00, 4.76689E+00, 1.17364E+00, 1.32893E+00, 4.90536E+01, 1.44287E+00, 5.07286E+00, 3.71499E+00, 3.13263E+00, 3.58630E+00, 5.83101E+00, 4.48422E+00, 1.76327E+00, 4.16008E+00, 1.41684E+00, 4.88805E+00, 1.18168E+00, 2.30962E+01, 7.78669E+00, 1.19554E+00, 6.82615E-02, 3.28358E+00, 6.03222E+00, 1.92616E+00, 1.51115E+00, 1.31826E+00, 8.00933E+01, 1.73020E+00, 5.87679E+00, 3.92324E+00, 6.32173E+00, 4.88086E+00, 1.93845E+00, 1.69650E+00, 1.27573E+00, 7.16455E+00, 1.87812E+00, 5.43656E+00, 3.75709E+00, 3.25106E+00, 6.63836E+00, 4.28395E+00, 5.16687E+00, 4.63774E+00, 4.75941E+00, 1.49193E+00, 1.09011E+00, 7.09805E+00, 3.66374E-01, 2.53859E+00, 1.40964E+00, 1.71139E+00, 4.90684E+00, 1.78618E+00, 9.08540E+00, 7.66390E+00, 2.23198E+01, 5.88755E+00, 3.55836E+00, 3.18746E+00, 3.81325E+00, 6.19886E+00, 4.36595E+00, 4.31289E+00, 1.26632E+00, 1.52131E+00, 7.16656E+00, 8.46015E+01, 1.36401E+00, 5.92750E+00, 5.22172E+00, 4.71314E+00, 1.12763E+00, 7.25898E+00, 3.84512E+01, 5.97514E+00, 5.32391E-01, 3.41665E+00, 2.16413E+00, 6.92833E+00, 4.22676E+00, 1.85755E+00, 4.77661E+00, 1.85072E+00, 4.44252E+00, 1.49574E+00, 7.32625E+00, 1.29068E+00, 5.31994E+00, 5.87086E-01, 4.02309E+00, 4.86809E+00, 1.82122E+00, 4.93640E+00, 1.77378E+00, 6.88947E+01, 4.08622E+01, 1.83391E+00, 2.07948E-01, 3.82916E+00, 3.61765E+00, 3.44549E+00, 6.98526E+00, 4.70345E+00, 1.56765E+00, 1.40992E+00, 1.94595E+00, 3.51115E+01, 5.78606E+01, 1.74698E+00, 2.91780E+00, 4.93274E+00, 4.19186E+00, 1.64004E+00, 4.30238E+00, 1.69026E+00, 7.60398E+00, 1.92246E+01, 3.38024E+00, 2.08657E+00, 3.08911E+00, 6.49474E+00, 4.29217E+00, 4.23316E+00, 1.78723E+00, 4.85291E+00, 1.71217E+00, 7.69944E+01, 7.04659E+00, 1.41577E+00, 5.52276E+00, 2.81239E+00, 3.90672E+00, 3.48041E+00, 6.96090E+00, 4.72718E+00, 1.38499E+00, 1.86045E+00, 4.35033E+00, 1.03671E+00, 6.35305E+01, 3.16681E+00, 4.78301E+00, 1.66766E+00, 4.99583E+00, 1.01420E+00, 4.17521E+00, 1.73767E+00, 1.96944E+00, 9.22476E+01, 7.78235E-01, 3.12360E+00, 2.24021E+00, 3.22746E+00, 5.07939E+00, 4.36115E+00, 1.32989E+00, 1.22942E+00, 7.71511E+00, 3.72920E+01, 5.60877E+00, 1.88068E-01, 3.19344E+00, 2.55145E+00, 3.15828E+00, 6.73045E+00, 5.18721E+00, 4.78788E+00, 4.30337E+00, 1.68458E+01, 1.74765E+01, 3.33755E+00, 3.04911E+00, 4.22051E+00, 1.01919E+00, 4.43917E+00, 1.70825E+00, 2.59678E+01, 1.77011E+00, 3.95278E-01, 3.00757E+00, 2.34825E+00, 3.79254E+00, 6.13427E+00, 4.43322E+00, 5.27186E+00, 4.34939E+00, 4.77983E+00, 1.58350E+00, 1.16460E+00, 1.39555E+00, 8.17467E-01, 3.15072E+00, 6.43232E+00, 5.27973E+00, 4.39895E+00, 1.75814E+00, 7.38602E+00, 4.58787E+01, 1.91198E+00, 2.28081E+00, 3.46363E+00, 3.81598E+00, 6.73268E+00, 4.65437E+00, 5.09873E+00, 4.05072E+00, 1.35188E+00, 4.03748E+00, 1.52113E+00, 5.63256E+00, 2.06055E-01, 3.26747E+00, 2.31599E+00, 6.39025E+00, 1.75906E+00, 1.47901E+00, 4.86339E+00, 1.60650E+00, 7.82605E+01, 1.70048E+00, 5.25409E+00, 3.41852E+00, 2.94318E+00, 6.27361E+00, 4.42097E+00, 4.02522E+00, 1.23932E+00, 4.66043E+00, 4.61281E+00, 6.74917E+01, 3.70358E+00, 5.51353E+00, 1.10694E+00, 4.46626E+00, 4.54288E+00, 1.81679E+00, 1.46816E+00, 7.84117E+00, 1.28995E+00, 3.19883E+00, 2.00861E+00, 3.44170E+00, 6.83992E+00, 4.15945E+00, 5.08957E+00, 4.50791E+00, 1.37805E+00, 4.73529E+00, 1.00679E+00, 7.07631E+00, 7.61213E+01, 1.50700E+00, 2.81553E+00, 3.97197E+00, 3.16521E+00, 6.32109E+00, 4.07282E+00, 1.40358E+00, 4.28933E+00, 4.32535E+00, 1.89608E+00, 5.12738E+00, 2.88274E+00, 3.53878E+00, 4.70576E+00, 5.40208E+00, 4.14601E+00, 1.17927E+00, 1.67750E+00, 4.09326E+00, 1.97459E+00, 4.13339E+01, 9.37140E+01, 3.97352E-01, 3.99195E+00, 6.88169E+00, 4.16475E+00, 5.74736E+00, 4.22778E+00, 1.85302E+00, 4.17914E+00, 1.51786E+00, 6.33408E+01, 1.37522E+01, 1.75884E+00, 3.74869E+00, 6.41405E+00, 5.48236E+00, 1.35715E+00), b.lab=c(-6.67170E-02, 6.63754E-02, 3.93745E-02, -4.15522E-02, -6.58770E-02, 1.12004E-03, -2.50181E-02, -1.06998E-01, 1.42342E-02, -1.36341E-02, -3.05084E-02, 4.53674E-02, -8.78220E-02, 4.30370E-02, 1.12308E-01, -9.75183E-02, -3.32832E-02, -6.70081E-02, 1.47317E-01, 1.34242E-01), beta=c(3.10547E-02, 8.62423E-01, -1.64373E+00, 1.99321E+00, 3.93202E-01, -1.22283E-01, 3.47929E-01, -1.99400E+00, -1.74778E-01, -1.82690E+00, 4.96410E-01, 1.07887E+00, 1.05991E+00, 2.88569E-02, 3.25105E-01, 2.03831E+00, -4.11281E-01, 7.25313E-01, -2.08320E-01, -2.32438E+00), sigma=3.63961E-01, sigma.lab=3.65157E-02)
