list(y=c(7.80569E+00, 2.32667E+01, 1.79020E+00, 5.98381E+00, 2.49017E+00, 3.98810E+00, 1.54795E+00, 4.66909E+00, 4.97233E+00, 1.57885E+00, 5.22697E+01, 7.44377E+00, 1.21608E+00, 5.93013E+00, 5.60101E-01, 3.42047E+00, 3.39102E+00, 1.62934E+00, 4.38894E+00, 4.48121E+00, 1.56676E+00, 4.67476E+01, 7.90123E+00, 8.34063E+01, 1.07805E+00, 2.61023E+00, 3.89098E+00, 4.68383E+00, 5.72973E+00, 4.92006E+00, 4.85749E+00, 1.13453E+00, 4.05402E+00, 1.57435E+00, 1.60941E+00, 1.83545E+01, 2.70627E+00, 3.67691E+00, 4.34420E+00, 4.64259E+00, 1.72777E+00, 1.41159E+01, 1.33870E+00, 2.88873E-01, 3.72614E+00, 6.77086E+00, 5.80146E+00, 4.12362E+00, 1.15178E+00, 4.24079E+00, 1.49997E+00, 4.58755E+00, 1.48379E+00, 1.43639E+00, 1.29337E+01, 2.01797E+00, 6.13264E+00, 4.88680E+00, 5.41384E+00, 4.91503E+00, 1.60915E+00, 7.97531E+01, 7.84896E+00, 5.44027E+00, 6.83173E-01, 3.19907E+00, 2.43716E+00, 3.68229E+00, 6.95504E+00, 4.18407E+00, 5.34780E+00, 4.45790E+00, 1.42524E+00, 1.48630E+00, 2.88262E+01, 4.94157E-01, 4.51011E+00, 5.03946E+00, 4.16934E+00, 1.45754E+00, 4.49456E+00, 1.63531E+00, 4.02767E+01, 5.77174E+00, 5.02178E+00, 1.56057E+00, 1.54481E+00, 7.99097E+01, 7.52649E+00, 2.59031E+01, 1.20651E+00, 5.77182E+00, 2.78156E-01, 2.17404E+00, 3.76576E+00, 3.08889E+00, 6.88024E+00, 4.85892E+00, 5.55383E+00, 1.31995E+00, 1.89440E+00, 4.70206E+00, 1.14017E+00, 1.93592E+00, 4.02722E+01, 7.92905E+00, 9.04747E+01, 3.47814E+00, 4.15948E+00, 1.62224E+00, 1.86543E+00, 9.59984E+01, 1.16253E+00, 5.86007E+00, 3.63371E+00, 3.69659E+00, 3.48670E+00, 5.11117E+00, 4.25315E+00, 1.14440E+00, 4.58645E+00, 1.67961E+00, 4.05606E+00, 1.05164E+00, 6.73443E+01, 7.35435E+00, 1.75344E+00, 6.45860E-01, 3.46657E+00, 6.04545E+00, 1.93424E+00, 1.44377E+00, 1.39737E+00, 8.81103E+01, 1.21003E+00, 5.61741E+00, 3.33192E+00, 6.03720E+00, 4.43586E+00, 1.73679E+00, 1.26710E+00, 1.61897E+00, 7.37864E+00, 1.82727E+00, 5.28093E+00, 3.79087E+00, 3.68312E+00, 6.67933E+00, 4.30388E+00, 5.92529E+00, 4.23827E+00, 4.92806E+00, 1.94943E+00, 1.27987E+00, 7.05311E+00, 1.96618E-01, 2.05891E+00, 1.55650E+00, 1.13002E+00, 4.29690E+00, 1.90718E+00, 8.76884E+01, 7.92448E+00, 6.27736E+01, 5.32974E+00, 3.34361E+00, 3.69669E+00, 3.03510E+00, 6.99888E+00, 4.27472E+00, 4.34910E+00, 1.01201E+00, 1.51463E+00, 7.30815E+00, 8.62788E+01, 1.75596E+00, 5.93265E+00, 5.73484E+00, 4.70840E+00, 1.74511E+00, 7.89607E+00, 2.96728E+01, 5.94846E+00, 8.64389E-01, 3.01812E+00, 2.63934E+00, 6.70394E+00, 4.13235E+00, 1.36641E+00, 4.28764E+00, 1.29081E+00, 4.43022E+00, 1.30611E+00, 7.03321E+00, 1.49818E+00, 5.76200E+00, 5.82644E-01, 4.17913E+00, 4.14214E+00, 1.64334E+00, 4.23106E+00, 1.38643E+00, 3.22916E+01, 4.55749E+01, 1.34280E+00, 9.67728E-01, 3.93455E+00, 3.54456E+00, 3.13681E+00, 6.88063E+00, 4.14170E+00, 1.43708E+00, 1.04693E+00, 1.09489E+00, 1.67157E+01, 3.12909E+01, 1.66620E+00, 2.84557E+00, 4.27512E+00, 4.59284E+00, 1.04360E+00, 4.85561E+00, 1.89815E+00, 7.30501E+00, 1.96720E+01, 3.14618E+00, 2.15478E+00, 3.86205E+00, 6.44866E+00, 4.48836E+00, 4.90935E+00, 1.95385E+00, 4.07716E+00, 1.77685E+00, 5.77614E+01, 7.15920E+00, 1.82939E+00, 5.94888E+00, 2.21321E+00, 3.96039E+00, 3.59808E+00, 6.85623E+00, 4.26530E+00, 1.68528E+00, 1.34481E+00, 4.24699E+00, 1.88538E+00, 6.96957E+01, 3.91661E+00, 4.33604E+00, 1.27417E+00, 4.37315E+00, 1.96814E+00, 4.10776E+00, 1.33483E+00, 1.52594E+00, 6.43517E+01, 9.76072E-01, 3.78906E+00, 2.12963E+00, 3.15628E+00, 5.63661E+00, 4.64903E+00, 1.40216E+00, 1.44568E+00, 7.17713E+00, 2.17756E+01, 5.85241E+00, 5.33253E-01, 3.97339E+00, 2.48797E+00, 3.73400E+00, 6.30319E+00, 5.25453E+00, 4.75094E+00, 4.53929E+00, 3.64636E+01, 3.41348E+01, 3.85043E+00, 3.91302E+00, 4.74389E+00, 1.68765E+00, 4.93383E+00, 1.68425E+00, 4.59075E+01, 1.74289E+00, 6.46384E-01, 3.84076E+00, 2.47471E+00, 3.73885E+00, 6.45388E+00, 4.56273E+00, 5.10384E+00, 4.43496E+00, 4.15935E+00, 1.18746E+00, 1.97538E+00, 1.17546E+00, 1.65856E-01, 3.87776E+00, 6.54809E+00, 5.06624E+00, 4.91069E+00, 1.45926E+00, 7.92188E+00, 8.13276E+01, 1.25067E+00, 2.50000E+00, 3.58581E+00, 3.00259E+00, 6.29141E+00, 4.63879E+00, 5.63255E+00, 4.05533E+00, 1.87550E+00, 4.86211E+00, 1.03849E+00, 5.67191E+00, 8.63152E-01, 3.33244E+00, 2.63752E+00, 6.11764E+00, 1.03871E+00, 1.66852E+00, 4.06716E+00, 1.81942E+00, 1.29746E+01, 1.13884E+00, 5.83868E+00, 3.84073E+00, 2.27708E+00, 6.89191E+00, 4.85199E+00, 4.46297E+00, 1.70160E+00, 4.34524E+00, 4.15495E+00, 4.25756E+01, 3.80266E+00, 5.63988E+00, 1.45765E+00, 4.62816E+00, 4.69426E+00, 1.51873E+00, 1.46229E+00, 7.77243E+00, 1.77765E+00, 3.56947E+00, 2.83205E+00, 3.99414E+00, 6.66600E+00, 4.47391E+00, 5.17825E+00, 4.31160E+00, 1.40820E+00, 4.65406E+00, 1.11919E+00, 7.98833E+00, 3.80297E+01, 1.71134E+00, 2.51342E+00, 3.83436E+00, 3.16091E+00, 6.60965E+00, 4.43881E+00, 1.29390E+00, 4.54991E+00, 4.13805E+00, 1.12078E+00, 5.23698E+00, 2.61675E+00, 3.15156E+00, 4.75474E+00, 5.73549E+00, 4.21244E+00, 1.92797E+00, 1.35426E+00, 4.32808E+00, 1.26743E+00, 1.79753E+01, 4.29391E+01, 7.10580E-01, 3.57252E+00, 6.10949E+00, 4.43297E+00, 5.41623E+00, 4.43085E+00, 1.55376E+00, 4.85284E+00, 1.51985E+00, 4.40247E+01, 7.64189E+01, 1.17605E+00, 3.08841E+00, 6.58381E+00, 5.57050E+00, 1.47117E+00), b.lab=c(-1.05208E-01, 7.78611E-02, -1.10594E-01, -2.26014E-03, 6.30109E-02, -5.48680E-02, -6.86620E-02, -1.13546E-01, 1.13221E-01, 1.98214E-01, 1.94421E-02, -1.21717E-01, -8.34987E-02, 7.04127E-02, -2.13818E-02, 2.07918E-03, 1.16909E-03, 1.51237E-01, 9.38277E-02, 1.89301E-03), beta=c(3.74604E-01, -1.06071E-01, 3.82070E-01, -1.18423E-01, 6.32136E-01, 8.92474E-01, -3.86355E-02, -8.92002E-01, -1.32915E+00, 2.50660E-02, 1.41965E+00, 1.66844E+00, 1.12330E+00, -3.72672E-01, 1.17110E+00, -1.45314E-01, -5.58644E-01, 1.27955E-01, -1.07370E+00, 2.27107E-01), sigma=4.78416E-01, sigma.lab=8.28926E-01)
